40 -1 -1 -1
30 0 -1 -1
21 0 -1 -1
5 4 -1 -1
21 4 -1 -1
22 -1 -1 -1
41 -1 -1 -1
30 6 -1 -1
30 10 -1 -1
30 14 -1 -1
30 18 -1 -1
30 22 -1 -1
30 26 -1 -1
31 30 -1 -1
5 272 30 -1
5 31 -1 -1
21 31 -1 -1
5 43 -1 -1
21 43 -1 -1
20 14 -1 -1
21 14 -1 -1
5 45 -1 -1
21 45 -1 -1
5 10 14 -1
12 14 273 27
23 57 -1 -1
5 277 22 -1
5 281 18 -1
10 18 14 31
23 36 -1 -1
24 18 -1 -1
25 40 1 -1
1 18 285 47
5 47 18 -1
23 29 -1 -1
14 18 289 38
23 43 -1 -1
5 51 -1 -1
21 51 -1 -1
5 54 -1 -1
21 54 -1 -1
23 54 -1 -1
14 18 293 45
23 50 -1 -1
5 56 -1 -1
21 56 -1 -1
5 59 -1 -1
21 59 -1 -1
23 54 -1 -1
5 61 -1 -1
21 61 -1 -1
5 67 -1 -1
21 67 -1 -1
2 14 297 69
5 69 14 -1
23 25 -1 -1
5 73 -1 -1
21 73 -1 -1
5 81 -1 -1
21 81 -1 -1
5 301 26 -1
21 26 -1 -1
5 83 -1 -1
21 83 -1 -1
22 14 -1 -1
42 -1 -1 -1
31 85 -1 -1
21 85 -1 -1
5 86 -1 -1
21 86 -1 -1
22 -1 -1 -1
43 -1 -1 -1
30 30 -1 -1
30 92 -1 -1
30 96 -1 -1
5 305 30 -1
5 306 92 -1
5 100 -1 -1
21 100 -1 -1
5 116 -1 -1
21 116 -1 -1
24 30 -1 -1
25 40 1 -1
5 118 -1 -1
21 118 -1 -1
5 138 -1 -1
21 138 -1 -1
24 30 -1 -1
25 42 1 -1
5 140 -1 -1
21 140 -1 -1
5 159 -1 -1
21 159 -1 -1
24 30 -1 -1
24 92 -1 -1
25 41 2 96
21 96 -1 -1
5 161 -1 -1
21 161 -1 -1
30 163 -1 -1
30 167 -1 -1
5 310 163 -1
5 314 167 -1
5 171 -1 -1
21 171 -1 -1
5 173 -1 -1
21 173 -1 -1
5 175 -1 -1
21 175 -1 -1
5 192 -1 -1
21 192 -1 -1
11 163 318 114
23 131 -1 -1
11 167 322 116
23 127 -1 -1
5 194 -1 -1
21 194 -1 -1
21 163 -1 -1
5 200 -1 -1
21 200 -1 -1
21 167 -1 -1
5 210 -1 -1
21 210 -1 -1
1 167 326 212
5 212 167 -1
23 114 -1 -1
5 330 167 -1
1 163 334 216
5 216 163 -1
23 112 -1 -1
5 220 -1 -1
21 220 -1 -1
5 242 -1 -1
21 242 -1 -1
10 163 338 137
23 149 -1 -1
5 244 -1 -1
21 244 -1 -1
5 256 -1 -1
21 256 -1 -1
10 167 342 143
23 148 -1 -1
5 258 -1 -1
21 258 -1 -1
5 270 -1 -1
21 270 -1 -1
23 148 -1 -1
23 149 -1 -1
22 -1 -1 -1
